1.806381751384843193e-02
1.362978019677421951e-02
1.284907766193155859e-02
1.204081544610920672e-02
1.189798392680275520e-02
1.166335593037209906e-02
1.159957503667235872e-02
1.146976929865397427e-02
1.139377529361679936e-02
1.114123221474787491e-02
1.098914140358749937e-02
1.117719540756421416e-02
1.103343368736486342e-02
1.095166540114728311e-02
1.089070503427701925e-02
1.089704685125559777e-02
1.095903536760869934e-02
1.050283190181338505e-02
1.086329712116847028e-02
1.071379674343627547e-02
1.084547459703027149e-02
1.066068948344494477e-02
1.070167047018311113e-02
1.039738344023568607e-02
1.049535634989031893e-02
1.061009833810231881e-02
1.052812145783383647e-02
1.039894018852098763e-02
1.038115777204147265e-02
1.022092460470442297e-02
1.027487459707822695e-02
1.028236352093077170e-02
1.038326830661618315e-02
1.000966757918916525e-02
1.009648840774158944e-02
1.022705277245828520e-02
1.017781575806620507e-02
1.020477230184857996e-02
1.011069816277568832e-02
9.960804134409971186e-03
9.900853650875332188e-03
1.020990894310351386e-02
1.010741315175184805e-02
1.009821254742003169e-02
9.914304681465041166e-03
1.010784409390464572e-02
9.925724871372932495e-03
9.798035721447467816e-03
9.945264283403022071e-03
9.985637887934859652e-03
