1.462151632974921858e-02
1.122865272463867241e-02
1.113008229848968383e-02
1.075086271642653434e-02
1.047755641029118716e-02
1.053846914749307674e-02
1.036417022466154178e-02
1.035041366993490544e-02
1.029644608872956613e-02
1.040389511949695901e-02
1.005077249252956349e-02
9.933177442487898384e-03
1.007551017441644416e-02
9.996767202028775806e-03
1.005641551003370535e-02
9.939462641946809549e-03
9.978387433668791870e-03
9.994408906721534425e-03
9.784099713724415601e-03
9.887473873900463200e-03
9.927781003971276538e-03
9.791224618021520526e-03
9.755166296399518655e-03
9.809283095085316595e-03
9.723471807275093151e-03
9.682920427543019459e-03
9.791422330662996262e-03
9.616579152846374545e-03
9.627365636666556856e-03
9.746356316390328289e-03
9.687524016740261396e-03
9.594586925886570972e-03
9.605404424217327611e-03
9.576489698761335781e-03
9.595873330507776952e-03
9.556529846256369906e-03
9.492698068264157282e-03
9.503764549135127609e-03
9.575300760134632452e-03
9.467597909834800721e-03
9.328928103501894775e-03
9.468484455230394281e-03
9.412914753026019668e-03
9.482022382443425559e-03
9.381535597100863419e-03
9.445083656537000064e-03
9.414285706943336871e-03
9.454264961339942097e-03
9.469666172180604691e-03
9.462349959136303473e-03
